Px,Py,Pz,Qw,Qx,Qy,Q
-54.5048,	65.8521,	21.7121,	0.8942,	0.0000,	0.0653,	-0.4428	
-54.0266,	65.2202,	21.6189,	0.8942,	0.0000,	0.0653,	-0.4428	
-53.4201,	64.5488,	21.4737,	0.9116,	0.0000,	0.0869,	-0.4019	
-52.7708,	63.8567,	21.3128,	0.9150,	0.0000,	0.0914,	-0.3929	
-52.1109,	63.1511,	21.1497,	0.9147,	0.0000,	0.0910,	-0.3937	
-51.4526,	62.4347,	20.9896,	0.9131,	0.0000,	0.0889,	-0.3978	
-50.8005,	61.7088,	20.8343,	0.9110,	0.0000,	0.0862,	-0.4032	
-50.1562,	60.9738,	20.6846,	0.9087,	0.0000,	0.0833,	-0.4090	
-49.5205,	60.2299,	20.5408,	0.9063,	0.0000,	0.0802,	-0.4149	
-48.8936,	59.4773,	20.4029,	0.9038,	0.0000,	0.0771,	-0.4209	
-48.2759,	58.7163,	20.2710,	0.9013,	0.0000,	0.0740,	-0.4269	
-47.6674,	57.9470,	20.1452,	0.8987,	0.0000,	0.0708,	-0.4328	
-47.0682,	57.1694,	20.0255,	0.8961,	0.0000,	0.0676,	-0.4387	
-46.4786,	56.3839,	19.9119,	0.8934,	0.0000,	0.0643,	-0.4446	
-45.8985,	55.5904,	19.8044,	0.8907,	0.0000,	0.0610,	-0.4505	
-45.3281,	54.7893,	19.7031,	0.8880,	0.0000,	0.0577,	-0.4563	
-44.7675,	53.9806,	19.6079,	0.8852,	0.0000,	0.0544,	-0.4621	
-44.2169,	53.1644,	19.5190,	0.8823,	0.0000,	0.0510,	-0.4678	
-43.6762,	52.3411,	19.4362,	0.8795,	0.0000,	0.0476,	-0.4736	
-43.1457,	51.5106,	19.3596,	0.8766,	0.0000,	0.0442,	-0.4793	
-42.6255,	50.6733,	19.2893,	0.8736,	0.0000,	0.0407,	-0.4849	
-42.1155,	49.8292,	19.2252,	0.8706,	0.0000,	0.0372,	-0.4905	
-41.6160,	48.9784,	19.1674,	0.8676,	0.0000,	0.0337,	-0.4961	
-41.1271,	48.1213,	19.1158,	0.8645,	0.0000,	0.0302,	-0.5017	
-40.6487,	47.2579,	19.0706,	0.8614,	0.0000,	0.0266,	-0.5072	
-40.1810,	46.3884,	19.0315,	0.8583,	0.0000,	0.0230,	-0.5126	
-39.7241,	45.5130,	18.9988,	0.8551,	0.0000,	0.0194,	-0.5181	
-39.2782,	44.6318,	18.9724,	0.8519,	0.0000,	0.0157,	-0.5235	
-38.8431,	43.7450,	18.9523,	0.8486,	0.0000,	0.0120,	-0.5288	
-38.4191,	42.8529,	18.9385,	0.8453,	0.0000,	0.0083,	-0.5342	
-38.0063,	41.9555,	18.9310,	0.8420,	0.0000,	0.0045,	-0.5395	
-37.6046,	41.0530,	18.9297,	0.8387,	0.0000,	0.0008,	-0.5447	
-37.2141,	40.1457,	18.9347,	0.8353,	0.0000,	-0.0030,	-0.5498	
-36.8348,	39.2337,	18.9460,	0.8319,	0.0000,	-0.0068,	-0.5549	
-36.4667,	38.3172,	18.9634,	0.8284,	0.0000,	-0.0107,	-0.5600	
-36.1099,	37.3964,	18.9870,	0.8250,	0.0000,	-0.0145,	-0.5649	
-35.7642,	36.4716,	19.0167,	0.8216,	0.0000,	-0.0183,	-0.5698	
-35.4296,	35.5428,	19.0524,	0.8182,	0.0000,	-0.0221,	-0.5746	
-35.1059,	34.6104,	19.0939,	0.8148,	0.0000,	-0.0258,	-0.5792	
-34.7929,	33.6745,	19.1412,	0.8114,	0.0000,	-0.0295,	-0.5837	
-34.4906,	32.7354,	19.1942,	0.8081,	0.0000,	-0.0332,	-0.5881	
-34.1987,	31.7932,	19.2527,	0.8048,	0.0000,	-0.0368,	-0.5924	
-33.9170,	30.8482,	19.3165,	0.8016,	0.0000,	-0.0403,	-0.5965	
-33.6454,	29.9006,	19.3856,	0.7984,	0.0000,	-0.0438,	-0.6005	
-33.3836,	28.9505,	19.4599,	0.7953,	0.0000,	-0.0472,	-0.6044	
-33.1315,	27.9981,	19.5391,	0.7922,	0.0000,	-0.0506,	-0.6082	
-32.8890,	27.0437,	19.6233,	0.7891,	0.0000,	-0.0540,	-0.6119	
-32.6560,	26.0873,	19.7123,	0.7861,	0.0000,	-0.0573,	-0.6155	
-32.4323,	25.1290,	19.8061,	0.7830,	0.0000,	-0.0606,	-0.6190	
-32.2180,	24.1691,	19.9047,	0.7800,	0.0000,	-0.0639,	-0.6225	
-32.0130,	23.2077,	20.0079,	0.7770,	0.0000,	-0.0672,	-0.6259	
-31.8173,	22.2448,	20.1158,	0.7740,	0.0000,	-0.0705,	-0.6293	
-31.6308,	21.2806,	20.2282,	0.7709,	0.0000,	-0.0738,	-0.6326	
-31.4536,	20.3151,	20.3453,	0.7679,	0.0000,	-0.0771,	-0.6359	
-31.2856,	19.3486,	20.4670,	0.7648,	0.0000,	-0.0805,	-0.6392	
-31.1270,	18.3811,	20.5932,	0.7617,	0.0000,	-0.0838,	-0.6424	
-30.9776,	17.4127,	20.7239,	0.7587,	0.0000,	-0.0872,	-0.6456	
-30.8375,	16.4435,	20.8591,	0.7556,	0.0000,	-0.0905,	-0.6488	
-30.7067,	15.4737,	20.9989,	0.7524,	0.0000,	-0.0939,	-0.6519	
-30.5851,	14.5033,	21.1431,	0.7493,	0.0000,	-0.0973,	-0.6550	
-30.4728,	13.5324,	21.2917,	0.7462,	0.0000,	-0.1007,	-0.6581	
-30.3697,	12.5611,	21.4448,	0.7431,	0.0000,	-0.1041,	-0.6611	
-30.2757,	11.5896,	21.6021,	0.7400,	0.0000,	-0.1075,	-0.6640	
-30.1906,	10.6178,	21.7637,	0.7369,	0.0000,	-0.1109,	-0.6668	
-30.1142,	9.6460,	21.9293,	0.7339,	0.0000,	-0.1141,	-0.6696	
-30.0462,	8.6741,	22.0990,	0.7310,	0.0000,	-0.1173,	-0.6722	
-29.9863,	7.7023,	22.2724,	0.7282,	0.0000,	-0.1204,	-0.6747	
-29.9339,	6.7306,	22.4493,	0.7256,	0.0000,	-0.1233,	-0.6770	
-29.8886,	5.7590,	22.6295,	0.7231,	0.0000,	-0.1259,	-0.6791	
-29.8495,	4.7875,	22.8125,	0.7209,	0.0000,	-0.1284,	-0.6810	
-29.8160,	3.8162,	22.9982,	0.7190,	0.0000,	-0.1305,	-0.6827	
-29.7872,	2.8451,	23.1861,	0.7173,	0.0000,	-0.1323,	-0.6841	
-29.7624,	1.8741,	23.3757,	0.7159,	0.0000,	-0.1339,	-0.6852	
-29.7407,	0.9033,	23.5669,	0.7148,	0.0000,	-0.1351,	-0.6862	
-29.7215,	-0.0675,	23.7591,	0.7139,	0.0000,	-0.1360,	-0.6869	
-29.7041,	-1.0381,	23.9522,	0.7133,	0.0000,	-0.1367,	-0.6874	
-29.6879,	-2.0087,	24.1459,	0.7129,	0.0000,	-0.1372,	-0.6878	
-29.6726,	-2.9793,	24.3399,	0.7126,	0.0000,	-0.1375,	-0.6880	
-29.6578,	-3.9498,	24.5342,	0.7124,	0.0000,	-0.1378,	-0.6881	
-29.6433,	-4.9203,	24.7286,	0.7123,	0.0000,	-0.1379,	-0.6882	
-29.6290,	-5.8908,	24.9231,	0.7122,	0.0000,	-0.1379,	-0.6883	
-29.6147,	-6.8613,	25.1176,	0.7122,	0.0000,	-0.1380,	-0.6883	
-29.6006,	-7.8318,	25.3122,	0.7122,	0.0000,	-0.1380,	-0.6883	
-29.5864,	-8.8023,	25.5068,	0.7121,	0.0000,	-0.1380,	-0.6883	
-29.5722,	-9.7727,	25.7014,	0.7121,	0.0000,	-0.1380,	-0.6883	
-29.5581,	-10.7432,	25.8959,	0.7121,	0.0000,	-0.1380,	-0.6883	
-29.5439,	-11.7137,	26.0905,	0.7121,	0.0000,	-0.1380,	-0.6883	
-29.5298,	-12.6842,	26.2851,	0.7121,	0.0000,	-0.1380,	-0.6883	
-29.5156,	-13.6547,	26.4797,	0.7121,	0.0000,	-0.1380,	-0.6883	
-29.5015,	-14.6252,	26.6742,	0.7121,	0.0000,	-0.1380,	-0.6883	
-29.4873,	-15.5956,	26.8688,	0.7121,	0.0000,	-0.1380,	-0.6883	
-29.4732,	-16.5661,	27.0634,	0.7121,	0.0000,	-0.1380,	-0.6883	
-29.4590,	-17.5366,	27.2580,	0.7121,	0.0000,	-0.1380,	-0.6883	
-29.4449,	-18.5071,	27.4525,	0.7121,	0.0000,	-0.1380,	-0.6883	
-29.4307,	-19.4776,	27.6471,	0.7121,	0.0000,	-0.1380,	-0.6883	
-29.4166,	-20.4481,	27.8417,	0.7121,	0.0000,	-0.1380,	-0.6883	
-29.4024,	-21.4185,	28.0363,	0.7121,	0.0000,	-0.1380,	-0.6883	
-29.3883,	-22.3890,	28.2308,	0.7121,	0.0000,	-0.1380,	-0.6883	
-29.3741,	-23.3595,	28.4254,	0.7121,	0.0000,	-0.1380,	-0.6883	
-29.3600,	-24.3300,	28.6200,	0.7121,	0.0000,	-0.1380,	-0.6883	